21730 22752 71053 8402915 8402917 8440612 8512311:13912:2550 1530 2034 2034 2034 2200 1530
22632 22633:2220:1110 1110
21754 21755 21777 22310 22622 22623 22745 22748 22749 48187 84879 84969:27873:1785 1785 3180 990 1990 1485 1260 1260 3000 3180 5408 2550
22912 22913 22914 22960:7005:1485 1485 1485 2550
21756:1785:1785
10002 21035 21724 21731 21791 21883 21913 22326 22492 22540 22544 22629 22631 22659 22661 22726 22727 22728 22900 26252829:85586:4080 5310 1020 3960 3000 1560 4500 7080 2340 1008 1008 4680 4680 4680 1700 4500 9000 9000 7080 5400
22086:20400:20400
22632 22633:2220:1110 1110
20679 21068 21071 21730 21871 22752 37370 71053 82482 82483 82486 8249422 8402915 8402917 8440612 8512311:25986:2970 636 636 2550 636 1530 636 2034 1260 990 2780 1530 2034 2034 2200 1530
21258:35040:35040
20679 21068 21071 21730 21871 22752 37370 71053 82482 82483 82486 8249422 8402915 8402917 8440612 8512311:25986:2970 636 636 2550 636 1530 636 2034 1260 990 2780 1530 2034 2034 2200 1530
21733 22114:32880:16320 16560
22632 22633:2220:1110 1110
20723 20725 21033 21094 21212 21559 21929 21931 21975 21977 22352 22386 84991 8451911 8499712 8499713 8507112 8509913 8518312:44498:850 1650 2950 1020 5040 1530 1950 1950 1320 1320 1530 1950 1320 1770 4500 2250 3648 1950 6000
22961:3480:3480
10002 21832 21912 22379 22381 22411 22726 22783 22798 22838 22839 22926:43060:1020 1980 3000 2100 9250 1950 1500 6780 2360 2990 2990 7140
21324 21340 22189 22224 22424 22427 22428 22457 22464 22469 22470 82484 84755:48960:1770 2550 1580 1770 8760 1785 4170 3540 1980 5800 10200 1935 3120
22168 22662 22663 22783 22960 22961 8504911:13085:1700 1650 1950 1995 2550 1740 1500
84880 8509912 8509913:50820:17820 16500 16500
21731 22466 22779 22780 79321:319392:54000 62640 64704 64704 73344
21115 21363 21411 21523 21754 21755 22242 22318 22464 22469 22915 22922 22923 22969:22614:2700 1485 1275 1590 1785 1785 1980 1770 1980 1980 504 1020 1020 1740
21622 21791 22191 22192 22193 22195 22196 22726 22727 22941 3500413 3500417 8501411 8501412:35825:3960 1500 1700 1700 1700 3960 2040 1500 1500 5100 3270 2540 1785 3570
20668 21080 21086 21094 21485 21533 21786 22174 22197 22198 22654 22910 22941 22960 22961 22962 22963 22968 22969 8402917 8403015 8497028 8509912 8512311:182574:2880 6144 3120 6144 10200 5100 4608 7104 7200 7250 19800 10200 1700 4500 1740 3456 3456 6800 12000 8136 9000 9216 16500 16320
21889 21891 22127 22128 22150 22338 22502 22619 22827 84879:31814:1500 1500 1500 1500 1170 1560 2380 1500 16500 2704
22180:7960:7960
21485 21506 22349 22558 22632 22633 22652 22865 22866 85152 8512311:102468:5940 1008 4500 6000 17760 17760 3300 17760 17760 2520 8160
21212 21314 21484 21977 22114 22188 22726 22727 22729 22730 22866 22867 84879 84991:50788:1320 1680 2760 1320 3160 3160 3000 3000 3000 1500 10080 10080 5408 1320
20679 21068 21071 21730 21871 22752 22803 37370 71053 82482 82483 82486 8249422 8402915 8402917 8440612 8512311 150561222:37636:2970 636 636 2550 636 1530 7150 636 2034 1260 990 2780 3060 2034 2034 2200 1530 2970
3500412 3500413:27900:5580 22320
21232 21479 21844 21980 22064 22111 22112 22114 22449 22468 22632 22637 22752 22835 22865 22866 48185:42656:1500 1500 1770 696 1980 4455 4455 1580 2010 2700 2520 2040 5100 3720 2520 2520 1590
22632 22633:2220:1110 1110
22969:1740:1740
22086 22837 22910:35700:10200 15300 10200
22867 26252829:19260:17760 1500
20727 20728 21061 21062 21063 21125 21126 21212 21213 21975 22197 22296 22297 22383 22417 22469 22771 22772 22773 22805 22964 84378 84380 84992 8504913 8504914 8504915 8504917:47130:1650 1650 1020 1020 1020 1500 1500 1320 1320 1320 3060 3960 3000 1650 1320 1980 1500 1500 1500 1500 2520 1500 1500 1320 1500 1500 1500 1500
20914:32640:32640
20679 21068 21071 21730 21871 22752 22803 37370 71053 82482 82483 82486 8249422 8402915 8402917 8440612 8512311:35314:2970 636 636 2550 636 1530 7150 636 2712 1260 1980 2780 1530 2034 2034 2200 2040
22632 22633:2220:1110 1110
21494 21915 22767 22768 22938 8249422:22570:1500 9000 3980 3980 2340 1770
21715 21716 21718 21889 21890 21891 21892 22110 22111 22113 22115 22357 22358 22969:23345:2040 2040 1500 1500 1770 1500 1500 1530 1485 1500 1770 1700 1770 1740
21479 21481 21485 22111 22113 22619 22632 22837 8402915:30390:3000 1770 3960 7920 3000 1500 2520 3720 3000
21411 21556 22449 22451 22508 22511 22585 22637 22644 22645 22646 22650 22768 22829 22837 22961 79321:36245:1275 1530 2010 2010 3000 1500 1500 3060 1740 1740 1740 1740 1990 1990 3720 1740 3960
17021 21154 22059 22188 22189 84678:84212:14400 21200 6000 12204 24408 6000
21121 21257 21259 21484 21485 21586 21977 22670 22925 22926 22927 84879 84992 8484912:29554:3000 1590 1190 2760 2970 3060 1320 1500 1190 2380 1190 4056 1320 2028
82552:1740:1740
